Attack
49
62
82
100
52
64
84
130
104
48
63
83
103
30
20
45
35
25
90
150
45
60
80
80
56
56
81
71
60
90
60
95
55
80
90
85
75
75
100
100
47
62
92
57
72
102
45
70
41
41
76
67
45
70
45
80
50
65
80
70
95
55
65
55
55
100
100
45
35
65
70
60
52
82
80
105
70
75
110
115
50
65
95
20
35
50
50
80
100
130
75
90
105
40
70
80
80
95
95
120
120
85
85
100
100
65
65
75
75
100
35
60
90
95
85
110
45
70
80
80
105
105
65
95
35
50
65
65
45
48
73
105
130
30
30
50
50
40
95
105
50
80
80
120
105
55
65
90
90
85
130
5
55
95
125
40
65
67
92
45
75
45
65
110
50
83
95
125
155
100
110
110
110
10
125
155
85
48
55
75
65
65
130
60
40
60
80
115
105
135
110
85
85
90
125
100
85
64
84
134
110
190
150
100
49
62
82
52
64
84
84
65
80
105
46
76
30
50
20
35
60
90
90
38
58
40
25
30
20
40
50
75
40
55
75
95
80
20
50
100
75
35
45
55
70
30
75
65
45
45
85
65
65
85
75
65
60
72
33
80
65
90
70
75
85
125
80
120
95
95
130
150
10
125
185
95
95
80
130
40
50
50
100
55
55
65
105
55
40
80
60
90
90
95
60
120
80
95
20
35
95
30
63
75
80
10
85
115
75
64
84
134
164
90
130
100
45
65
85
110
60
85
120
160
70
85
110
150
55
90
30
30
70
70
45
35
70
35
50
30
50
70
40
70
100
55
85
30
50
25
35
65
85
30
60
40
130
60
80
160
45
90
90
51
71
91
60
120
20
45
45
65
75
85
85
105
70
90
110
140
40
60
100
45
75
75
50
40
73
47
60
43
73
90
120
140
70
90
60
100
120
85
25
45
60
100
70
100
85
115
40
70
110
115
100
55
95
48
78
80
120
40
70
41
81
95
125
15
60
70
70
70
70
90
75
115
165
40
70
68
50
130
150
23
50
80
120
40
60
80
64
104
84
90
30
75
95
135
145
55
75
135
145
100
50
75
80
100
90
130
100
150
150
180
150
180
100
150
180
70
95
68
89
109
58
78
104
51
66
86
55
75
120
45
85
25
85
65
85
120
30
70
125
165
42
52
29
29
29
59
79
69
94
30
80
45
65
105
35
60
48
83
100
50
80
66
76
136
60
125
55
82
30
63
93
24
89
80
25
5
65
92
70
90
130
170
85
70
110
145
72
112
50
90
61
106
100
49
69
20
62
92
132
120
70
85
140
100
123
95
50
76
110
60
95
130
80
125
165
55
100
80
50
65
65
65
65
65
75
105
125
120
100
120
100
90
160
100
120
70
80
100
90
100
103
120
100
45
60
75
63
93
123
55
75
100
108
55
85
60
80
110
50
88
53
98
53
98
53
98
25
55
55
77
115
60
100
75
105
135
45
57
85
135
60
60
80
105
140
50
65
95
100
125
53
63
103
45
55
100
27
67
35
60
105
92
92
92
72
82
117
90
90
140
30
140
160
86
65
105
75
90
58
30
55
50
78
108
112
140
50
95
65
60
105
100
50
95
30
45
55
30
40
65
44
87
50
65
95
60
100
75
75
135
55
85
40
60
75
47
77
50
94
55
80
100
55
85
115
55
75
30
40
55
87
117
147
70
130
50
40
70
66
81
85
125
120
74
124
85
125
110
83
123
83
55
65
97
109
65
85
105
85
60
90
129
90
115
100
115
105
120
150
125
145
130
120
170
72
72
77
128
120
61
78
107
45
59
69
56
63
95
145
36
56
50
73
81
35
22
52
50
68
38
45
65
65
100
82
124
80
48
48
48
80
110
50
140
52
72
48
80
54
92
52
105
60
75
53
73
38
55
89
121
59
77
65
92
58
50
50
75
75
100
100
80
70
110
66
66
66
66
90
85
95
100
69
117
127
30
70
131
131
100
100
100
100
160
110
160
110
55
75
107
112
65
85
115
54
69
74
75
85
120
70
110
62
82
70
82
132
70
70
70
70
45
55
65
65
115
115
117
20
140
53
63
100
125
40
70
55
105
35
45
44
64
75
125
30
40
120
52
60
120
35
125
55
75
60
95
95
60
100
115
78
98
90
105
60
131
55
75
110
115
85
130
75
29
29
137
113
53
139
137
89
101
181
101
107
157
113
167
95
125
73
73
131
127
112
65
143
65
85
125
71
86
116
40
60
85
55
95
47
67
87
20
35
45
28
58
40
50
40
80
64
115
45
90
40
60
80
40
110
85
57
107
85
63
123
38
98
98
65
115
68
118
45
65
30
40
90
45
60
120
90
110
95
135
85
95
40
60
100
101
25
65
125
80
80
65
55
95
95
80
130
100
100
90
90
95
60
80
120
120
150
120
120
85
115
90
130
130
120
100
100
145
65
80
165
85
105
135
140
112
92
130
115
115
115
61
80
110
45
55
75
65
85
120
45
100
90
41
79
46
102
50
75
115
50
75
75
55
80
35
53
69
96
96
96
96
55
60
100
50
60
125
31
64
40
70
78
120
65
95
65
115
40
70
100
62
108
50
50
35
60
45
55
75
55
100
103
45
70
160
70
119
95
85
35
55
61
101
115
68
113
102
100
50
50
50
115
75
90
100
100
135
131
65
127
55
135
81
112
80
140
80
70
134
75
95
145
30
30
60
85
120
110
80
139
130
135
85
83
130
