Defense
49
63
83
123
43
58
78
111
78
65
80
100
120
35
55
50
30
50
40
40
40
55
75
80
35
35
60
70
30
65
44
69
40
50
55
50
85
90
110
120
52
67
87
40
57
77
48
73
40
40
75
75
20
45
35
70
55
70
85
55
80
50
60
25
30
50
60
35
35
55
60
60
48
78
35
60
45
45
80
80
40
65
95
15
30
45
65
50
70
80
35
50
65
35
65
100
100
115
115
130
130
55
55
70
70
65
65
110
180
95
70
95
55
55
45
70
55
80
50
50
75
75
100
180
30
45
60
80
160
45
70
90
115
50
50
70
70
80
85
85
95
110
110
53
79
75
95
120
120
95
120
5
115
80
100
70
95
60
65
55
85
65
65
80
35
57
57
100
120
95
105
105
105
55
79
109
80
48
50
70
60
60
60
70
100
125
90
105
65
85
65
100
85
85
90
90
90
45
65
95
90
100
70
100
65
80
100
43
58
78
78
64
80
100
34
64
30
50
30
50
40
70
80
38
58
15
28
15
65
85
45
70
40
55
85
105
95
50
80
115
75
40
50
70
55
30
55
45
45
45
85
60
110
42
80
80
60
48
58
65
90
140
70
105
200
230
50
75
85
85
100
140
230
75
115
55
55
50
75
40
120
40
80
95
100
35
75
45
70
140
30
50
90
95
60
120
90
62
35
35
95
15
37
37
105
10
75
85
115
50
70
110
150
130
90
100
35
45
65
75
40
60
70
80
50
70
90
110
35
70
41
41
61
61
35
55
50
55
70
30
50
70
50
40
60
30
60
30
100
25
35
65
65
32
62
60
80
60
80
100
90
45
45
23
43
63
30
60
40
135
45
65
75
125
85
125
100
140
180
230
55
75
85
40
60
80
40
50
75
75
45
53
83
20
40
70
35
45
40
70
100
140
35
65
60
45
50
80
40
60
60
90
110
60
60
65
85
43
73
65
85
55
105
77
97
50
100
20
79
70
70
70
70
70
35
65
75
90
130
83
80
60
60
48
50
80
80
50
70
90
85
105
105
130
55
60
100
80
130
80
100
130
150
200
100
150
90
120
80
100
90
90
140
160
90
100
100
50
20
160
90
64
85
105
44
52
71
53
68
88
30
50
70
40
60
41
51
34
49
79
35
65
40
60
118
168
45
45
45
85
105
95
50
42
102
70
35
55
45
70
48
68
66
34
44
44
84
94
60
52
42
64
50
47
67
86
116
95
45
5
45
108
45
65
95
115
40
40
70
88
78
118
90
110
40
65
72
56
76
50
50
75
105
65
115
95
130
125
67
67
95
86
130
110
125
80
70
65
95
145
135
70
77
107
107
107
107
107
130
105
70
120
120
100
100
106
110
120
100
110
80
100
90
100
75
120
100
55
75
95
45
55
65
45
60
85
80
39
69
45
65
90
37
50
48
63
48
63
48
63
45
85
50
62
80
32
63
85
105
130
43
55
40
60
86
126
55
85
95
40
55
75
85
75
70
90
80
59
99
89
60
85
50
75
75
65
65
65
35
45
80
45
45
55
105
55
55
67
85
125
70
115
80
85
85
145
103
133
45
65
62
82
40
40
60
60
40
60
50
70
95
40
50
75
50
63
50
65
85
50
70
60
45
105
45
70
50
70
80
50
60
91
131
70
95
115
40
70
80
55
75
55
60
90
60
70
90
40
80
50
85
40
84
99
50
60
90
50
80
70
100
95
50
75
70
75
105
66
112
50
70
90
55
65
129
90
72
70
80
70
70
100
120
90
90
90
90
100
90
90
77
90
95
65
95
122
40
58
72
40
52
67
67
38
77
43
55
71
40
60
50
58
72
39
47
68
48
62
62
78
60
54
76
76
100
150
140
50
60
72
66
86
53
88
67
115
60
90
62
88
33
52
77
119
50
72
65
75
57
150
35
53
83
70
100
91
48
76
70
70
70
70
122
122
122
122
85
184
184
35
80
95
95
121
71
121
150
110
60
60
120
55
75
75
80
40
50
90
54
69
74
30
50
75
30
60
45
95
90
57
77
70
70
70
70
40
60
40
40
65
75
65
20
130
62
152
70
100
52
92
35
90
55
80
40
60
50
80
38
48
98
90
80
90
40
140
80
110
130
95
95
100
60
65
135
63
80
70
85
100
65
90
125
85
75
115
115
31
131
107
89
47
139
37
71
103
131
53
101
127
109
97
115
80
67
73
211
53
75
65
143
50
70
90
40
60
75
40
55
65
55
95
35
55
105
20
80
110
28
58
60
90
55
100
50
90
50
60
50
90
120
80
80
80
75
125
55
40
60
35
70
70
45
65
60
90
45
65
45
65
95
30
45
65
101
100
50
95
75
145
40
75
100
95
35
60
135
110
70
55
65
58
58
49
69
90
90
100
100
115
30
50
75
115
115
115
140
95
250
60
100
100
105
50
50
130
60
80
150
80
72
95
105
65
65
60
95
70
110
54
63
70
59
78
100
45
65
80
40
75
70
45
92
40
78
20
40
70
45
70
70
70
115
45
60
90
51
51
51
51
75
100
130
40
100
80
41
91
35
60
60
90
35
65
30
70
35
65
115
40
65
60
85
30
60
45
55
77
25
50
85
40
72
97
63
90
65
145
42
90
60
100
74
45
65
73
115
60
60
60
80
60
70
80
80
120
131
99
99
55
79
97
120
114
108
86
60
110
45
66
92
70
25
95
100
80
125
80
71
90
115
100
91
88
