Sp. Atk
65
80
100
122
60
80
109
130
159
50
65
85
135
20
25
90
20
25
45
15
35
50
70
135
25
25
50
40
31
61
40
65
50
75
90
95
20
10
45
25
40
55
75
40
55
85
60
95
50
50
81
81
45
85
30
65
75
85
110
45
60
40
90
35
35
50
50
40
50
40
65
75
65
95
35
60
70
65
100
95
40
50
70
105
120
135
175
35
50
65
70
85
100
50
80
30
30
45
45
55
55
65
65
80
80
40
40
100
130
100
95
120
58
58
35
60
45
70
40
40
65
65
45
85
100
115
130
170
30
43
73
25
50
55
55
80
80
60
125
125
40
50
50
35
35
60
60
85
85
30
45
35
100
40
60
70
95
35
65
70
100
100
90
55
115
95
100
55
65
40
30
30
30
15
60
70
85
48
45
65
110
110
95
85
90
115
55
65
60
70
65
95
125
125
85
125
100
50
70
100
154
154
194
100
49
63
83
60
80
109
119
44
59
79
35
45
36
86
40
55
40
60
70
56
76
35
45
40
40
80
70
95
65
80
115
165
90
20
60
30
90
35
45
55
40
30
105
75
25
25
65
130
60
85
100
110
85
72
33
90
35
60
65
35
55
55
40
60
55
55
55
65
10
40
40
35
35
50
75
70
90
30
60
65
65
65
105
65
80
40
80
110
140
95
40
60
105
85
20
35
35
85
65
70
40
75
115
90
90
45
65
95
95
90
110
100
65
85
105
145
70
85
110
130
50
60
85
95
30
60
30
30
50
50
20
25
100
25
50
40
60
90
30
60
90
30
75
55
95
45
65
125
165
50
100
40
60
35
55
95
30
50
30
51
71
91
20
40
20
45
35
55
65
85
55
55
40
50
60
60
40
60
80
65
105
135
85
75
47
73
100
43
73
65
95
110
70
90
65
105
145
85
70
90
60
45
50
80
85
115
40
70
110
60
100
95
55
46
76
50
90
40
70
61
81
40
70
10
100
70
70
70
70
60
63
83
93
30
60
72
95
75
115
23
50
80
120
55
75
95
74
94
114
45
40
40
60
110
120
35
55
95
105
50
100
75
110
140
130
160
150
180
100
150
150
180
100
150
180
70
95
45
55
75
58
78
104
61
81
111
30
40
50
35
55
25
55
40
60
95
50
125
30
65
42
47
29
29
29
79
59
69
94
30
80
45
60
85
62
87
57
92
60
60
90
44
54
54
105
105
42
64
65
41
71
24
79
10
70
15
92
92
40
50
80
120
40
35
115
140
38
68
30
60
61
86
90
49
69
60
62
92
132
45
130
80
55
110
95
125
120
116
60
130
45
70
135
65
65
75
65
80
95
105
105
105
105
105
75
105
125
150
150
150
150
130
80
100
120
75
80
100
135
100
120
120
100
45
60
75
45
70
100
63
83
108
100
35
60
25
35
45
50
88
53
98
53
98
53
98
67
107
36
50
65
50
80
25
50
60
55
77
30
50
60
80
25
40
55
50
65
85
30
30
40
50
70
30
40
55
37
77
70
110
50
80
80
80
35
45
65
15
15
30
140
30
30
106
35
65
35
45
103
55
30
95
53
83
74
112
40
60
80
85
120
125
40
65
55
75
95
105
125
125
44
87
65
80
110
40
60
75
40
60
55
85
65
85
40
57
97
24
54
45
70
70
45
75
105
85
125
65
95
145
30
40
60
60
70
95
40
100
81
66
55
95
60
35
55
40
60
40
37
57
112
45
55
105
48
45
65
125
50
135
90
72
90
125
110
125
145
150
120
115
105
130
170
120
129
129
128
77
120
48
56
74
62
90
114
62
83
103
153
32
50
40
56
74
27
27
90
73
109
61
75
112
62
97
46
69
65
63
83
83
35
45
50
140
63
99
59
85
37
68
39
54
60
97
58
120
61
109
45
69
67
99
110
74
81
50
55
83
83
110
110
80
50
65
44
44
44
44
58
58
58
58
32
44
34
45
97
131
131
81
61
91
100
160
150
170
130
50
70
100
95
60
80
80
66
91
126
30
40
75
30
55
55
55
145
42
62
98
98
98
98
55
95
30
30
55
55
55
25
140
43
53
45
55
40
50
50
80
65
90
71
111
45
55
30
40
50
82
90
40
20
60
70
100
30
95
95
60
100
75
91
40
50
70
135
86
45
65
100
95
130
85
95
29
29
113
137
127
53
137
173
107
59
97
127
113
157
167
130
90
73
127
53
151
102
55
80
40
55
60
40
55
65
70
95
125
35
55
33
43
53
25
50
80
47
87
40
80
40
60
38
48
40
90
40
60
80
40
95
100
35
65
85
40
60
54
114
114
50
90
50
70
74
134
56
86
136
55
75
95
60
50
145
68
110
50
50
110
70
91
45
125
20
65
65
105
95
70
70
40
80
80
90
70
80
120
40
60
100
80
80
80
80
145
125
53
63
63
70
100
100
65
145
80
85
165
105
45
45
80
100
40
65
135
135
45
60
81
63
90
110
50
65
85
35
59
59
29
52
21
52
40
50
70
40
65
65
30
50
58
78
125
45
45
45
45
35
35
45
50
125
60
59
103
55
105
40
60
40
80
45
80
50
80
35
62
108
31
115
55
101
35
45
70
35
50
60
45
53
106
30
54
85
60
105
130
30
50
75
30
45
78
65
120
120
120
50
45
110
85
85
60
53
65
79
135
85
121
72
124
50
122
140
70
35
45
75
75
75
133
95
90
55
135
55
120
85
135
125
70
