Sp. Def
65
80
100
120
50
65
85
85
115
64
80
105
115
20
25
80
20
25
80
80
35
50
70
80
35
35
70
80
31
61
54
79
50
60
80
85
30
35
55
65
40
55
85
40
55
75
65
90
65
65
100
100
25
50
40
75
65
75
90
55
80
55
75
45
45
70
70
40
40
40
65
65
50
80
45
70
50
50
80
80
40
50
90
55
70
95
105
35
60
85
30
45
70
100
120
30
30
45
45
65
65
65
65
80
80
40
40
80
80
70
55
70
62
62
35
60
70
95
50
50
100
100
25
45
35
55
75
95
45
90
115
25
50
55
55
80
80
45
75
75
50
80
80
110
110
75
45
70
70
30
45
105
40
80
100
25
45
50
80
55
85
120
90
80
95
85
85
70
90
70
70
70
70
20
100
130
95
48
65
85
95
95
110
75
55
70
45
70
75
95
110
125
100
90
90
85
125
50
70
100
90
100
120
100
65
80
100
50
65
85
85
48
63
83
45
55
56
96
80
110
40
70
80
56
76
35
55
20
65
105
45
70
45
60
90
110
100
50
80
65
100
55
65
95
55
30
85
45
25
25
65
95
130
42
110
110
85
48
58
65
35
60
65
65
65
95
40
60
55
55
80
100
230
95
105
75
75
50
75
40
80
30
60
95
100
35
75
45
140
70
50
80
90
95
40
60
95
65
45
35
110
65
55
55
70
135
100
75
115
50
70
100
120
154
154
100
55
65
85
85
50
60
70
80
50
70
90
110
30
60
41
41
61
61
30
25
50
25
90
50
70
100
30
40
60
30
50
30
70
35
55
115
135
52
82
60
60
35
55
65
30
50
30
23
43
73
30
60
40
90
35
55
65
115
55
95
40
50
60
80
55
75
85
40
60
80
75
85
85
85
80
53
83
20
40
65
35
45
45
75
105
70
80
110
60
45
50
80
40
60
75
105
105
60
60
85
65
41
71
35
55
70
120
87
107
50
80
55
125
70
70
70
70
120
33
63
83
90
130
87
90
60
60
48
50
80
80
50
70
90
55
75
75
65
65
30
50
80
90
60
80
90
110
100
200
150
130
150
110
120
140
160
90
90
90
100
100
50
20
160
90
55
65
85
44
52
71
56
76
101
30
40
60
40
60
41
51
34
49
79
70
105
30
50
88
138
45
45
45
105
85
95
50
42
102
90
30
50
53
78
62
82
66
44
54
56
96
96
105
52
37
59
50
41
61
86
116
45
90
65
42
108
45
55
85
95
85
40
70
70
42
72
55
75
40
65
72
61
86
120
60
85
105
85
90
95
55
50
85
95
115
56
65
95
75
60
75
115
115
150
135
70
77
107
107
107
107
107
130
105
70
100
120
120
120
106
110
120
100
120
80
100
90
100
75
120
100
55
75
95
45
55
65
45
60
70
65
39
69
45
65
90
37
50
48
63
48
63
48
63
55
95
30
42
55
32
63
25
40
80
43
55
45
65
86
126
35
50
65
40
55
75
85
75
60
80
80
39
79
69
50
75
50
75
75
55
55
55
35
45
70
45
45
55
105
55
55
67
35
75
70
115
80
65
65
105
45
65
45
65
62
82
40
40
60
60
40
60
65
85
110
50
60
85
50
63
60
75
95
50
70
60
45
105
55
80
85
105
45
50
60
86
116
60
85
85
40
70
80
55
95
55
60
90
40
50
70
40
80
135
65
60
99
84
50
60
90
50
80
40
70
95
50
75
70
65
95
66
48
50
70
90
55
105
72
90
129
80
90
80
80
120
100
80
80
90
100
90
90
90
128
77
95
45
58
75
60
70
100
44
56
71
71
36
77
38
52
69
25
30
50
54
66
79
98
154
57
81
48
71
90
60
81
81
37
49
140
50
65
89
57
75
46
75
56
86
60
123
63
89
43
94
45
59
63
92
130
63
67
150
75
113
113
150
150
87
60
82
55
55
55
55
75
75
75
75
35
46
36
40
80
98
98
95
85
95
150
110
130
130
90
50
70
100
95
40
50
90
56
81
116
30
50
75
30
60
45
75
75
47
67
70
70
70
70
40
70
40
40
65
75
65
25
135
52
142
55
85
72
132
35
90
75
100
40
60
50
60
38
48
98
110
110
60
30
90
45
75
130
95
95
100
60
95
85
73
105
70
91
90
45
70
105
75
115
95
130
31
131
89
107
131
53
37
71
101
31
53
89
109
127
97
115
90
67
73
101
79
80
35
65
40
60
70
40
60
75
40
55
65
35
75
35
55
85
45
90
120
52
92
60
120
45
90
38
68
50
60
50
70
90
40
60
80
50
70
95
30
50
35
70
70
50
90
50
80
54
114
53
73
103
40
55
75
81
60
130
82
100
105
61
121
60
85
30
90
20
90
50
95
105
58
58
49
69
70
80
80
90
50
30
50
75
115
115
115
140
95
250
50
60
60
95
50
50
110
80
80
130
100
75
70
80
75
75
80
65
80
100
45
63
70
40
58
75
45
60
75
45
80
90
40
86
25
55
25
40
60
45
75
75
55
80
51
78
109
51
51
51
51
35
65
90
40
80
100
35
83
40
60
51
70
35
72
35
70
100
120
55
40
65
58
100
30
60
64
82
105
25
70
85
40
62
87
45
67
65
55
60
81
55
97
64
40
55
65
65
95
95
95
90
100
70
75
75
85
53
115
99
135
105
85
70
60
68
80
110
84
45
65
86
70
45
91
135
65
80
120
101
60
100
115
83
108
