Total
318
405
525
625
309
405
534
634
634
314
405
530
630
195
205
395
195
205
395
495
251
349
479
579
253
253
413
413
262
442
288
448
320
430
485
485
300
300
450
450
275
365
505
273
365
505
323
483
299
299
505
505
270
435
245
455
320
395
490
285
405
305
450
265
265
425
425
290
290
290
440
440
320
500
305
455
350
350
555
555
300
385
510
310
400
500
600
305
405
505
300
390
490
335
515
300
300
390
390
495
495
410
410
500
500
315
315
490
590
490
325
465
377
377
310
470
325
475
325
325
500
500
305
525
310
405
500
600
385
328
483
325
475
330
330
490
490
325
530
530
320
425
425
455
455
385
340
490
490
345
485
450
435
490
590
295
440
320
450
340
520
460
460
500
455
490
495
500
600
490
490
490
490
200
540
640
535
288
325
435
525
525
525
395
355
495
355
495
515
615
540
580
580
580
580
580
580
300
420
600
680
780
780
600
318
405
525
309
405
534
534
314
405
530
215
415
262
452
265
390
250
400
535
330
460
205
218
210
245
405
320
470
280
365
510
610
490
250
420
410
500
250
340
460
360
180
425
390
210
210
430
525
525
405
490
490
435
336
405
455
290
465
415
430
510
610
300
450
440
440
500
600
505
500
600
430
430
330
500
250
430
250
450
410
410
300
480
330
485
465
330
500
600
540
330
500
515
465
250
210
455
305
360
365
490
540
580
580
580
300
410
600
700
680
680
600
310
405
530
630
310
405
530
630
310
405
535
635
220
420
240
240
420
420
195
205
395
205
385
220
340
480
220
340
480
270
455
270
440
198
278
518
618
269
454
295
460
280
440
670
266
456
236
240
360
490
237
474
190
375
260
400
380
480
380
480
330
430
530
630
280
410
510
295
475
575
405
405
430
430
400
302
467
305
460
560
400
500
305
460
560
470
330
470
360
290
340
520
335
475
310
490
590
458
458
460
460
288
468
308
468
300
500
355
495
355
495
200
540
420
420
420
420
440
295
455
555
295
455
460
455
465
565
260
300
480
580
290
410
530
345
485
485
485
330
300
420
600
700
300
420
600
700
580
580
580
600
700
600
700
670
770
670
770
680
780
600
600
600
600
600
318
405
525
309
405
534
314
405
530
245
340
485
250
410
194
384
263
363
523
280
515
350
495
350
495
224
224
224
424
424
424
424
244
474
405
330
495
275
450
325
475
482
348
498
350
480
580
495
505
310
452
285
329
479
300
500
290
310
220
411
485
300
410
600
700
390
285
525
625
330
525
330
500
300
490
454
330
460
345
334
494
594
510
535
515
535
535
540
540
545
515
525
525
510
530
535
518
618
525
525
480
440
520
520
520
520
520
580
580
580
680
680
680
680
600
670
680
680
580
480
600
600
600
600
720
600
308
413
528
308
418
528
308
413
528
528
255
420
275
370
500
281
446
316
498
316
498
316
498
292
487
264
358
488
295
497
280
390
515
323
425
328
508
445
545
305
405
505
294
384
509
465
465
310
380
500
260
360
485
280
480
280
480
480
460
460
460
292
351
519
315
315
480
540
480
540
461
325
485
348
488
490
303
303
483
355
495
401
567
329
474
330
330
510
510
300
470
290
390
490
290
370
490
305
473
305
395
535
335
475
428
315
495
294
464
335
480
470
319
472
305
489
300
440
520
275
405
515
335
485
275
370
520
320
410
540
305
505
515
305
495
471
471
350
510
485
303
483
340
490
490
350
510
510
370
510
484
484
300
420
600
360
550
580
580
580
580
580
580
580
680
680
600
600
660
700
700
580
580
600
600
600
313
405
530
307
409
534
314
405
530
640
237
423
278
382
499
200
213
411
369
507
303
371
552
350
531
348
495
472
355
466
466
325
448
500
500
341
462
341
480
288
482
306
500
320
494
330
500
289
481
362
521
362
521
525
500
431
500
300
452
452
600
600
470
309
474
335
335
335
335
494
494
494
494
304
514
514
245
535
680
680
600
486
708
600
700
600
680
600
320
420
530
530
320
420
530
320
420
530
265
355
485
253
418
300
400
500
338
478
476
476
476
476
304
464
280
280
487
487
487
175
620
305
495
385
500
269
454
250
480
285
405
320
480
340
500
210
290
510
485
490
490
230
530
320
480
410
534
570
440
500
480
485
435
476
475
485
517
300
420
600
570
570
570
570
200
400
680
680
570
570
570
570
570
570
570
600
680
680
754
600
600
420
540
570
570
600
300
600
310
420
530
310
420
530
310
420
530
275
460
245
365
495
180
335
505
245
455
250
460
270
490
284
485
270
490
240
410
510
260
485
485
315
510
475
280
490
242
502
502
305
525
310
480
308
508
265
370
510
265
370
510
520
440
510
507
520
483
270
495
470
435
185
475
470
470
470
475
475
436
436
330
500
505
505
505
505
535
270
410
600
660
700
660
700
690
1125
385
550
550
600
580
580
580
580
500
680
680
525
500
550
530
530
510
510
580
580
310
410
530
310
411
530
310
410
530
254
489
489
210
404
210
450
240
350
490
305
470
470
312
477
260
354
510
417
417
417
417
280
355
500
255
525
525
272
495
280
490
340
505
290
485
275
480
335
515
450
304
486
270
470
255
481
297
380
506
245
425
485
315
457
650
300
500
501
480
350
525
290
488
500
334
521
478
530
475
475
475
535
430
520
520
520
550
570
570
570
570
570
570
570
570
570
570
570
570
320
423
600
300
300
550
570
570
570
570
590
590
670
670
590
590
